BelfastIntl,54.6575,-6.215833,68
StAngeloEnniskillen,54.398889,-7.651667,48
BelfastCity,54.618056,-5.8725,3
CityofDerry,55.042778,-7.161111,1
Birmingham,52.453856,-1.748028,95
Coventry,52.369722,-1.479722,83
Leicester,52.607778,-1.031944,140
Kemble,51.668056,-2.056944,130
Turweston,52.040833,-1.095556,132
Manchester,53.353744,-2.27495,79
Chivenor,51.087167,-4.150339,6
StMawgan,50.440558,-4.995408,106
Lyneham,51.505144,-1.993428,147
BoscombeDown,51.152189,-1.747414,121
Culdrose,50.086092,-5.255711,81
StAthan,51.404811,-3.43575,47
Yeovilton,51.009358,-2.638819,13
Haverfordwest,51.833056,-4.961111,43
Cardiff,51.396667,-3.343333,67
Swansea,51.605333,-4.067833,85
Bristol,51.382669,-2.719089,183
Liverpool,53.333611,-2.849722,24
Luton,51.874722,-0.368333,158
Plymouth,50.422778,-4.105833,142
Bournemouth,50.78,-1.8425,9
Southampton,50.950261,-1.356803,18
Lasham,51.187167,-1.0335,179
Alderney,49.706111,-2.214722,84
Guernsey,49.434956,-2.601969,95
Jersey,49.207947,-2.195508,83
Shoreham,50.835556,-0.297222,1
BigginHill,51.330833,0.0325,172
Gatwick,51.148056,-0.190278,57
City,51.505278,0.055278,8
Farnborough,51.275833,-0.776333,65
Chalgrove,51.676111,-1.080833,69
Blackbushe,51.323889,-0.8475,97
Heathrow,51.4775,-0.461389,27
Southend,51.571389,0.695556,14
Manston,51.342222,1.346111,53
Brough,53.719667,-0.566333,2
Carlisle,54.9375,-2.809167,49
Gamston,53.280556,-0.951389,28
Blackpool,53.771667,-3.028611,7
Humberside,53.574444,-0.350833,30
WalneyIsland,54.131167,-3.263667,9
LeedsBradford,53.865897,-1.660569,203
Warton,53.745097,-2.883061,14
Hawarden,53.178056,-2.977778,1
IsleOfMan,54.083333,-4.623889,9
Newcastle,55.0375,-1.691667,75
DurhamTValley,54.509189,-1.429406,33
NottmEMids,52.831111,-1.328056,93
Llanbedr,52.811744,-4.123575,6
Ternhill,52.871164,-2.533561,82
Shawbury,52.798169,-2.668042,71
Woodvale,53.581575,-3.055522,10
Kirkwall,58.957778,-2.905,11
Sumburgh,59.878889,-1.295556,2
Wick,58.458889,-3.093056,37
Dyce,57.201944,-2.197778,57
Inverness,57.5425,-4.0475,6
Glasgow,55.871944,-4.433056,2
Edinburgh,55.95,-3.3725,28
Prestwick,55.509444,-4.586667,14
Benbecula,57.481111,-7.362778,5
Scatsta,60.432778,-1.296111,13
Dundee,56.452499,-3.025833,5
Stornoway,58.215556,-6.331111,3
Leuchars,56.372889,-2.868444,10
Lossiemouth,57.705214,-3.339169,12
Cambridge,52.205,0.175,19
Conington,52.468056,-0.251111,6
Norwich,52.675833,1.282778,15
Stansted,51.885,0.235,103
NorthWeald,51.721667,0.154167,82
SheffieldCity,53.394256,-1.388486,69
Cranfield,52.072222,-0.616667,110
Exeter,50.734444,-3.413889,26
BristolFilton,51.519444,-2.590833,68
Kidlington,51.836944,-1.32,80
Benson,51.616389,-1.095833,54
Lakenheath,52.409333,0.561,10
Mildenhall,52.361933,0.486406,9
Wattisham,52.127283,0.956264,85
Fairford,51.682167,-1.790028,85
BrizeNorton,51.749964,-1.583617,82
Odiham,51.234139,-0.942825,121
Cosford,52.640028,-2.305578,83
Northolt,51.553,-0.418167,31
Coningsby,53.093014,-0.166014,8
Dishforth,54.137186,-1.420253,32
Leeming,54.292383,-1.5354,33
ChurchFenton,53.834333,-1.1955,9
Honington,52.342611,0.772939,49
Cottesmore,52.735711,-0.648769,130
Scampton,53.307778,-0.550833,63
Wittering,52.612558,-0.476453,80
LintonOnOuse,54.048911,-1.252747,14
Waddington,53.166167,-0.523811,68
Topcliffe,54.205522,-1.382094,28
Cranwell,53.03035,-0.483242,57
BarkstonHeath,52.962225,-0.561625,104
Marham,52.648353,0.550692,20
WardonHill,50.80,-2.53,136
Netheravon,51.23,-1.75,101
Thruxton,51.21,-1.60,89
PortonDown,51.12,-1.70,97
Heytesbury,51.20,-2.08,152
Larkhill,51.18,-1.80,96
Chilbolton,51.13,-1.43,120
HenstridgeAirport,50.98,-2.35,53
SpireViewAirstrip,51.1,-1.78,77
YatesburyField,51.42,-1.9,170
RedhornVedette,51.3,-1.92,204
BreachHillVedette,51.22,-1.99,143
StokehillFarm,51.27,-2.06,218
Reading,51.441390,-0.937754,64
UoLWestSondeSite,51.047150,-2.516110,72
CapelDewi_AMOF,52.424500,-4.005466
BTTower_AMOF,51.521,-0.139
Weybourne_AMOF,52.951,1.122
Brighton_AMOF,50.860,-0.088
PenleePoint_AMOF,50.318,-4.189
LeedsFarm_AMOF,53.866,-1.323
CARES_50N_11W,50.0,-11
CARES_Cork,51.8985,-8.4756
Lewisham,51.453724,-0.017162
LURA_launchsite,58.609,-4.9427
DaleFort,51.708,-5.1523
